222801
735192
530635
95518
322430
582941
216003
764977
549465
609503
796995
534457
222528
57465
538900
335269
562079
455839
534456
229246
693855
665312
635206
855834
794550
89265
704167
91138
131311
660421
249352
617530
604838
225364
603120
517299
45412
687734
91142
629211
582725
481985
704148
982599
404455
628928
322420
582568
27534
387150
824532
582577
485013
57471
328288
267538
3240
322425
683142
538920
675425
747757
38116
687921
1022717
45404
1731670
206658
45402
609490
675407
566527
26408
794379
694363
404457
551312
589948
1509658
1061826
622981
755773
555345
1488444
557665
882094
4978899
91436
679758
662796
546711
514916
57464
329983
39734
691134
753227
548356
588759
197302
614587
704200
947461
748836
580731
39689
648451
619062
4296
709671
1731037
1527033
90040
952996
233513
638590
1435044
78070
197263
642570
130865
130789
114679
172064
635195
264928
225609
730330
861470
256430
264937
415918
959446
114690
125688
490018
714603
42162
545762
4978902
609504
583823
727397
223629
